id,time,DV,BW,SEX,popPred_medianCOV,popPred,indivPred_SAEM,indivPred_mean,indWRes_SAEM,indWRes_mean
1,1.5,85.9347,113,0,105.039,105.039,118.975,90.228,-5.5541,-0.951659
1,4.4,105.344,92,1,101.586,101.586,99.2013,88.7423,1.23844,3.74154
1,7.1,57.2184,132,0,88.2741,88.2741,84.3555,76.7882,-6.43398,-5.09709
1,24.6,6.32941,126,1,8.55985,8.55985,7.29233,6.3028,-2.6409,0.084451
2,25.9,27.3622,125,0,11.5571,11.5571,24.8006,29.0628,2.0658,-1.17032
3,215,4.274,99,1,43.0721,43.0721,5.27087,4.69899,-3.78257,-1.80887
3,216,4.38622,119,1,40.3617,40.3617,4.53392,4.00537,-0.651521,1.9017
3,221,103.553,77,1,127.059,127.059,90.4113,99.031,2.9071,0.913241
3,222.6,81.0653,104,0,119.046,119.046,78.3368,83.6193,0.696614,-0.610875
4,237.1,74.5888,49,0,30.7811,30.7811,62.6318,76.063,3.81817,-0.387626
5,1.5,566.18,127,0,309.53,309.53,505.231,547.606,2.41271,0.678354
5,3,565.75,58,1,322.421,322.421,493.248,497.881,2.93978,2.72631
5,8.9,293.91,132,1,289.928,289.928,436.933,440.91,-6.54667,-6.66803
5,20.8,194.313,74,0,88.1514,88.1514,165.165,187.848,3.52958,0.688322
6,29.5,71.4126,81,1,95.7609,95.7609,76.9433,76.8412,-1.43761,-1.41294
7,214.8,24.7884,132,1,51.0197,51.0197,35.6129,24.8081,-6.07899,-0.0158423
7,217.1,366.161,66,0,322.621,322.621,350.986,355.436,0.864711,0.603465
7,219.6,318.127,93,0,407.508,407.508,393.266,333.757,-3.82126,-0.936608
7,222.5,255.269,80,0,333.575,333.575,307.308,254.598,-3.38675,0.0527267
8,232.4,462.256,55,1,271.991,271.991,407.337,465.938,2.69649,-0.158055
9,0.6,453.824,92,0,384.369,384.369,572.271,452.126,-4.13954,0.0751091
9,3.4,814.165,123,1,688.624,688.624,814.419,844.621,-0.00623765,-0.721174
9,6.1,655.94,85,1,562.595,562.595,597.263,630.339,1.96487,0.81228
9,26.1,125.895,85,1,200.736,200.736,148.388,127.272,-3.03167,-0.21645
10,24.6,575.37,62,1,111.319,111.319,405.686,582.446,8.3653,-0.242963
11,215,57.9367,69,0,47.4279,47.4279,180.935,57.657,-13.5959,0.0970352
11,217.3,1023.47,61,0,616.953,616.953,743.701,983.374,7.52369,0.815485
11,220.5,976.053,42,0,742.787,742.787,870.139,909.396,2.43442,1.46596
11,224.9,699.445,57,1,677.166,677.166,820.439,819.57,-2.94949,-2.93142
12,239.7,817.879,63,0,759.135,759.135,831.809,837.6,-0.334933,-0.470889
13,0.9,490.2,67,1,652.176,652.176,473.694,490.643,0.696926,-0.0180607
13,4.6,637.114,49,1,980.213,980.213,731.625,639.486,-2.5836,-0.0741705
13,7,607.714,106,1,938.458,938.458,701.922,609.136,-2.6843,-0.0467028
13,22.5,209.487,103,0,307.749,307.749,229.204,211.25,-1.72044,-0.166945
14,14.1,22.9975,126,0,464.154,464.154,274.384,21.9486,-18.3237,0.955773
15,214.5,49.7755,111,0,181.171,181.171,65.0837,51.2898,-4.70416,-0.590501
15,217.1,579.261,71,0,860.088,860.088,703.43,538.147,-3.53038,1.52799
15,220,727.416,103,1,1060.95,1060.95,1069.44,1038.61,-6.3963,-5.99252
15,225.9,760.419,46,1,721.158,721.158,611.343,663.6,4.87699,2.918
16,232.5,486.671,103,0,413.872,413.872,513.449,501.405,-1.04306,-0.587727
17,0.9,477.214,72,0,988.705,988.705,537.266,480.365,-2.23546,-0.131212
17,5,839.974,109,0,1371.84,1371.84,985.501,849.232,-2.95337,-0.218033
17,8.7,750.241,112,1,955.712,955.712,834.959,742.202,-2.02927,0.216617
17,24.5,441.648,78,1,277.848,277.848,438.671,444.397,0.135729,-0.123697
18,31.1,159.871,135,0,100.383,100.383,166.271,165.566,-0.769884,-0.687928
19,214.9,386.26,113,0,804.173,804.173,495.708,387.127,-4.41584,-0.0448041
19,217.2,1092.75,110,0,1802.69,1802.69,1157.11,1117.52,-1.1124,-0.443343
19,220,1256.47,65,0,1754.29,1754.29,1219.54,1358.4,0.60563,-1.5007
19,222,1616.19,78,0,1625.33,1625.33,1142.15,1480.04,8.30086,1.83979
20,244,162.092,118,1,328.128,328.128,365.157,163.468,-11.1221,-0.168394
