id,time,DV,popPred_medianCOV,popPred,indivPred_SAEM,indivPred_mean,indWRes_SAEM,indWRes_mean
1,1.5,87.38,100.124,100.124,96.4466,89.7071,-1.88013,-0.518813
1,4.4,96.6044,98.36,98.36,87.9692,90.7773,1.96324,1.28382
1,7.1,65,78.1257,78.1257,68.2432,69.8031,-0.950473,-1.37619
1,24.6,20.9004,29.9961,29.9961,23.423,21.2746,-2.15394,-0.351778
2,25.9,29.1973,28.665,28.665,32.0777,31.1785,-1.7959,-1.27085
3,215,15.6926,62.5403,62.5403,25.474,15.5192,-7.67949,0.223408
3,216,14.9083,60.5538,60.5538,24.1215,14.7939,-7.63901,0.154701
3,221,87.5387,145.51,145.51,106.377,87.9779,-3.54183,-0.0998426
3,222.6,64.2415,131.054,131.054,87.5275,66.8718,-5.32083,-0.786679
4,237.1,40.4573,67.1538,67.1538,43.0599,40.4101,-1.20881,0.0233401
5,1.5,433.623,300.373,300.373,405.154,430.028,1.40536,0.167218
5,3,389.932,323.054,323.054,410.918,408.481,-1.02141,-0.90819
5,8.9,261.008,202.708,202.708,265.802,251.289,-0.36075,0.773491
5,20.8,140.672,103.956,103.956,158.984,146.819,-2.30362,-0.837306
6,29.5,33.1085,76.3993,76.3993,41.2161,34.1826,-3.93419,-0.628454
7,214.8,141.717,188.851,188.851,141.566,145.453,0.0213049,-0.513651
7,217.1,427.681,441.401,441.401,418.779,426.52,0.425151,0.0544473
7,219.6,391.707,475.46,475.46,471.674,412.651,-3.39078,-1.01511
7,222.5,344.586,395.7,395.7,369.382,331.189,-1.34257,0.80905
8,232.4,252.049,239.305,239.305,257.132,256.52,-0.395386,-0.348562
9,0.6,431.253,372.615,372.615,461.611,432.573,-1.31529,-0.0610174
9,3.4,698.713,633.661,633.661,716.943,700.399,-0.508557,-0.0481338
9,6.1,532.555,510.562,510.562,531.271,528.725,0.0483406,0.144871
9,26.1,134.777,170.818,170.818,138.149,140.495,-0.488182,-0.813911
10,24.6,209.325,179.976,179.976,232.731,223.192,-2.0114,-1.24264
11,215,111.695,375.242,375.242,181.707,113.75,-7.70606,-0.361396
11,217.3,1023.11,920.064,920.064,1022.66,1019.76,0.00871864,0.0657758
11,220.5,618.811,901.691,901.691,720.978,629.999,-2.83412,-0.35519
11,224.9,328.536,683.511,683.511,431.827,323.411,-4.78391,0.316929
12,239.7,657.313,369.761,369.761,668.911,671.537,-0.346758,-0.423616
13,0.9,544.155,640.074,640.074,499.578,542.67,1.78457,0.0547328
13,4.6,470.689,774.162,774.162,580.126,534.152,-3.77286,-2.3762
13,7,491.677,630.29,630.29,488.936,446.21,0.112132,2.03794
13,22.5,183.799,259.254,259.254,212.662,191.2,-2.71447,-0.774156
14,14.1,140.56,382.388,382.388,197.092,139.681,-5.7366,0.125806
15,214.5,269.026,508.594,508.594,316.802,278.201,-3.01612,-0.659574
15,217.1,760.663,1177.07,1177.07,791.326,764.525,-0.774968,-0.101023
15,220,882.169,1239.76,1239.76,991.994,907.172,-2.21423,-0.551227
15,225.9,603.803,861.865,861.865,656.603,579.859,-1.60827,0.825859
16,232.5,658.055,635.623,635.623,707.45,668.769,-1.39643,-0.320414
17,0.9,419.289,960.11,960.11,558.493,417.471,-4.98498,0.0870934
17,5,793.203,1122.9,1122.9,814.902,859.308,-0.532547,-1.53857
17,8.7,798.017,823.484,823.484,700.276,745.722,2.79152,1.40252
17,24.5,360.407,361.238,361.238,443.135,374.667,-3.73375,-0.761231
18,31.1,549.684,290.708,290.708,557.476,576.386,-0.279531,-0.926518
19,214.9,890.439,752.938,752.938,930.88,910.161,-0.868871,-0.433369
19,217.2,1593.91,1805.65,1805.65,1720.62,1621.3,-1.47285,-0.337876
19,220,1797.62,1859.64,1859.64,1845.04,1851.64,-0.514008,-0.583485
19,222,1760.18,1635.08,1635.08,1694.48,1718.36,0.775493,0.486772
20,244,600.876,647.328,647.328,599.811,602.246,0.0355064,-0.0454857
